Lama
Biopond1    :105.389900 
Biopond2    :107.378623 
Biopond3    :103.403343
Biopond4    :104.197036 
Biopond5    :106.368423 
Biopond6    :105.547973
Panen       :100.411346

Baru
Biopond1    :106.902572 
Biopond2    :109.130043 
Biopond3    :104.917930
Biopond4    :105.929824 
Biopond5    :107.204376 
Biopond6    :107.055374
Panen       :103.758491
