Biopond1    :105.389900 
Biopond2    :107.378623 
Biopond3    :103.403343
Biopond4    :104.197036 
Biopond5    :106.368423 
Biopond6    :105.547973
Panen       :100.411346